$ANSIBLE_VAULT;1.1;AES256
63346439326362323032653937313730646537653762383330386530386335386535376366616530
3466386230343631633630663232633161333364306530650a613234313132343035353065326163
37663563323031346639613166653136303033633438396238323732653561623339626161373938
6462663966663234380a393063636664303231613765306234313361396436356334643839636261
33643137323333653962613863383934623334336638623862323166393630373163383963396139
31653765363466326639386332623061383136643232643766613537336331653933383333396134
66646162333931353939646531323863363137366138376535396531323438316332636432353631
37303337383237306436386232366534313931333233336436386235333066333330333965623434
34386638306464373335353339333265313831663630316164313832396133343230346162373434
32333938303566376238613261346438623539373161363664653266303063656430653434363730
66666334633131356139306233333130306436303762346330303561643734326263333936613331
38616134646234653130633939346664363537363034663936393761356361663331343361366465
35373062636664373536616665336235306466396639333964616134623531386634663661633736
65653236326663376131393463663033636234616435636337383235373962653030633739616634
31363935386562313935336463613964663837303636393161333235626539653936623965653832
61353234613835316262333161633134363732366231616130303838633537353031623431633038
32613837303062626436356363653639643764323737633761626134346431373863396233386230
32613839356339643061653830393535646633643131343936613264303561363066353438633334
34326237643538326430383136353163303736363866333434623039623366333066633738336435
63656564623332366636383834373739363630636437303763326664343734653437313064613462
64333234643264633239316134376663626337656632356266323131353736396361316638336165
65666135383163326166393538373037623661363433393836633237666266633638643962653863
39336362653461303964666566316133353262633162366466393862393635346335633862366464
36363935623331643733663336616536643238633937613061316531663961623435376134353962
32616565333630646265376335653434333837303139653865313636646532356230613265346666
66643539656461623165363961323734626563333235656436616634306330613862653538396435
30646132346463643733303862633161353339393939386337353433323337643339393932616435
33613535323530636134356161616161623164363963303066353561313865646237653863346436
63313363366638363235633038653038316433363234363732623538396662313337383332623030
63353330626266633037343031383733633233653639663766663863386362303838373938346661
34653630613134333963386561333136613538666362303131306537626632636164646466313536
64396234346465626534666333313164666232633835396435663238356332343764363164666236
36636433393866653666623533373438343935386230663161353836633431393532613766333566
63363234323936666132386563373366386131393531346663646134343032623739303132383933
32396233613638343339393830633661366539323166333930636138666164343261303132326535
30643564623834613030363632383632343338393562616331666638643231653961326666633566
63313130376433363739303538316232623865643934383432656238376536656330623930663730
31383563326539383332393035346462353831323932646135353732386430616233383039303138
39333463303365643966366235373938653730386635323639353032353764356164653564363937
61663337633837326134353933646539636437323638393035616632336131666435373530633231
64323964376436363938623430313238666133616364353565353735653436353839306462326266
34333764343233656166653861643334663032636335303766323031613638666366636263613261
38633531626631393466396135613163643330353931393934386235323632386235616136386333
39636165313363646661386438323864396361373635333236653965656663666338653264663862
64643564613933323265363337316538646636346665363436303364613239633963643732393137
63626161656531626363643731616530333134363935656337313261383737653137323966343234
64316535346366646133383335336664393730643036663131663634386265366562306333343238
62623566363837613863396161363130353839363265343764653161363466396237323533373766
62653165376438346336343935373862636265343534353031343862393161373235313561616565
33383033343363663735383937353336353363636138366261323862653765303732306331656137
65636434316431323635386563633364393361613034303730336632376335396364323630613137
37393633376565653161393933626261626234336265393566366264303136376634643938323961
36356262663537373431623830656364393731393036376132333363656638356263623938376236
39383339393838383364613464386133656337633739323738383530313835376439363762376565
33333732316132666531393536633738386538636537653761333735303437343439643063383038
61336139373538366564373536633836623933343230383630356661393233633235356632383832
62616665356663353363623266623536646231643438623462363332613837326264363330373235
37313336376239336364643162323034373865333635346661343561613563366439373338303236
33353335646136356135656636366235383262363430633865363864303936636463616365623637
33373535346530313839376161363137383531366639323034363364656466616562363033313762
36646239346465343764626433636661306164343734363730343534633430626666383664613666
33393863653130313738313131373062336564333732343835633538666266616463313339336566
65666165346362663434323664666464326263666330323136663135623837343035346363393139
39333761643837623066663237363132363531613537366130313966393231376237366534643938
34356438313137613331653964396534626637353462396264373862316637303562343063643965
30643466316432623866643866633432613663313762666531386562663362346263366661323936
39623635373233653565666266643138353062616564383731323837303934353631366364613932
38326138623531633761343964663132333763343932656563343039626434393063386562353136
33333732353738316535366535653435353435633431393135356439303162306130613265393165
63303161306433623362613237646365356131633638643563323139303333313234656438616566
39366333303237626633353735613232383235623934643336636632643235353634303439656133
34373435393337313732653135663531616265356361306238353466663638316364386463383439
62616536363133323033306530663030376366343563393534316436303330316438363131306330
36636536653332393530646562386534303439333536643932336165613037366163356337353564
39383834346139333930616561316130643432633730633137626434353465386463313261376233
33643466663930366433653233383262386636353931633039343134613166343738386563336338
39386466343636333539306261343766653466303237383863616238663761333437313538343665
61343962613462316530613230393337306162353734663165323737323532316230633438623266
61636435336434633838636163316666653431366265613065336364396234643535303035613630
30613466633438663135323763326665626331653563663030396533633835326631616130396166
61336231623632626461353439613631613630663662393665346137326361313162386665613866
62323964663435373730376462323663666336343230656138363563323662326135616136393561
34353130356266666365633131636662396533376534373263353139353961386462626336653135
66303738366662343365376366646464663237353939343633376631376663373735306632633163
62613563303562326436393439353562363563313763633637366263613634633463396637323338
38623137366462646666656337323961353433356134313836316130363461643034356364636635
62623432373230366337383265616562383761666464346536623762663135333265616132623236
39313530626531653863343839313636396465623331363863343335666633626138633335633835
38643530333730366366373961343663373233323732643666313536306664643039376133383862
35333635356366376264323238623633373035653663396531383436396566383930623265633162
33626265383932343665616637363663393831646365316538646139303537313839666532316364
33336530373266306164393033663939626635633863303161306661656165316432626538313261
61623231326536646135396330336464363938343566363939313535306131363865653164633938
64666366633934363262336436376662316536393463366535656239313737656433316234316664
36393862386566333762636436346533313436326161353939633961386464336632353161666131
37663035346232643537383732336362333437396234343466376130653630643134333632623939
32356161376234333865343366363333666337313932373333303239393239376431653137663538
65346635343061386461313439306634323261306662373363336139316635376134313030656533
35613163623032303366336530393433353938373465663937323934303066636666616332393330
65356233343763636632653230303364303337323563396364656163663035363235313932373234
65666561383362333631313164636238333130336539663834623730303132643465316164393866
63663830613537386533623337643236373131393435646338303132663431303630313064663066
37306637393938633466313333363731663666636237383139643963393936383232666332626165
30396461373333616634636435383731623030616236663132333430643834346332633963386239
35346634303534366337333332393138363234393537626364313638626437656531373733646538
33313063333431666163353737643131323839363636376466343835386362663338316635383862
62336537373665363436663163643936663733363763643939663862633135393534353963316561
62633564613736666665656539323962343762653166336463313632333266306133653736343864
32653636323436313433656439376362323135386162323166363462656139343061643565626264
32653634373831313366346436323763613835333638353061326565666137336464353737633832
37386432353136323866656635353437663662316134373665626235656234326466313961313233
38666634356261666335623664393736626138373764373537356239633063376463653132396362
36393830343538613532336330316139653366336366626366653431373730306161343131623665
33623061643136333139643036316433326666633062623439663434353938353436316365356337
63386237376532353635363833373835643366383864386661313861346231373138343631333439
32353738366538353535393361393262396565373964373031653036343066663931373466646432
36373465633431326134323633373430633733633335316633313862613865613465303130366438
30363738643831626435656162303136646466346136323466333533653461626363613834653336
63313362363337336439636432316162653033343264323266656461313132383730393333323039
31626262313535353639323632653831376438353866633937633266623036623366393563393434
63613964396262663061653939306666373461636439316236396361373634356434643533353932
62613962363366616265353530666530643133363931626336626239623336663330626239323961
66316233323532303536363939646635306238633536626164333733376335663362333533303135
35303435613034343866343964333334666231666336306461613565313532343833343237656135
62393133313266383230386261323064303563346632626662353431303362626262626166303836
63306435376334333366336636326661643036303966376636393332646530353333353863306135
64336132653133373331633434303632626535646538323163653931353562653639613966643564
61386464616566303934663234356331313937346130353231393466636431633462306664646566
66373865653066616664313937616636316135363861623131383435396363643034616463363266
61366165623866346431303730653562323731323163656636646130316630643639363239396435
66306236636630306632303834373232643639313261636464313734346135666163393031666337
31353161333466346165663331383365353539646435373834333231343264343431633437346236
62373238396332616463353039313834653139373837613961633165633561356138373136633638
39353863306562623132653236643538306636633133353130366631656262306638613861623665
65623061616662393932363534633439363733306630386133313762643564636530313464343530
64343934356132363230316133363263376533363535323061333632623933633265303736663934
65346530656639363933353164613635313961373766656634316335323532633566656164313663
38316239336462326231646439613231386535383762383061643364333439663464376137383439
37303537653264383131623364623865393932613634656363363261373631616532366339623030
39613361663532376664646330633636376231333635386538613363623364373563383732613633
31396237643734346463613165353061656439626162386362316665373235636161393331303061
61303462366431303138386163306362363865656664383161643732643934623663313133343930
37616538393932626333303266366264313462343237646433376664623337303132356539663731
63656438336337393833353237316230316539633562353561313133386134613237396438383437
63653962616236373438386331633534333664333633303135386337653266336437626533333933
64623835363764383430306438333561376439646362376465656637373439343063363235613330
39343530663362343964393735373838346639363232643936386137383962363731656333643335
62336436656161323764346533323463666130393862636335383237393265633338626462363435
30323565306534323566313266313565306433376236306462336562326131616164316238646661
35303464616238333138306133303363323334366432356234653363613539393230616364386636
61636266356531383231363366636665633330633434633133373639666462366565306264346366
36636264616666346666316461383265636337373336386366383830663234646436343232326332
38333135623438663531373866396366623733316335646666363335346266616564313935323233
66393136653233623466346461626239653662306538636566623438373433633965643537356164
30623636653564636533366635353234343061373162323333396462616165373534353230626166
36643035326438393930643639353833303861326664663739653432393832613938636138333666
34633264353736663030386632643137653162353331346637623236616539623764663133343633
37396264336534393734363761386336373737396636336537643834613330643433316339393732
63653962663230336637303962316563643539663862663733333639323739393566333738663061
63343738623033343865306461386536323563663030323564386161306234663363326634663037
37386262626336393339323334333162643530646437346335393561653533666435376236613034
64613239643930346435383135346465303263363439666263326636353831383966613630656665
31303239613334373066636265336339626439666339633638393735643832623031303561386664
62306539396666636366393862383333646163313436646230396333616237333136663232393136
37623864393231386462396636346131373764613837376666643233323266366239623237313430
37343466316262623964326465336366653062303435313239323631343264386436343732343533
31363231366239663138396330353637613030643034653634613562393161663730386535306537
35623665326239306637383461343433653566386563353731333636393630366265656132646337
65393230633633343731333361643434663064333665373639656333323835376433613465646465
38653765313063613933336239366361633639613936663832323137373933623139346538353964
61653462303562653461316535636561323066343165376664396237353266376664356234633937
62323931376465316430393139623035346636336266613930303335313831666362643537636132
30326263633066373035666665363732613833323532376339376264326239356434656131376335
38653762366665643665376437346236656332376532373335343130366663326566303233633964
62353536613334643733313263303663363666666361363136306436323731656163613134633562
30346237643231616662373165326330633731306536373461663934373635396231356237306262
37376230663037623537393231653131396332663731613836643861633033313035666334623066
34326631313639333265363764633836393738353163343764353036313564633761643938653063
62663537363039663130663062613839323633306434356261323961343663343165323630656135
30323263356330633635383163663031333833623961313964396663353832623938646462663164
62353036653931646636383663383266613164333035336131326366333137336631333433393231
62336661656562333435633435363630626564373963313330326130613465333732333430653337
63626438393665326261636365393531366261376333376437663636333435636535633966383232
62616261613133323331326364386364323631396534363762623530623262333462323061333166
62643637386537323033323666303333343438366531613065373031613838323865613935313364
62383231643931386661643832313232313139356438336131333530663230333338346362306165
64626261663863363531386131643961393062663865333832393233383566393135346235633630
65383036306339663364323461383933373433316434613865363964626332313664333266363461
61383930383235376130376461393539343631356265393363626634393639633164316463633465
32646535613836326436373337633730353631333838316162613663613537656532663535613136
63306161653336646339313062316436303035633836313133303763366661376139656663323039
66333635373561313533323437346366343635386563633137626233336231623736353438653265
37383631323064353737313630303833396461646461303935633735336461346365376532653532
36306630343037333563653264316637383932666536613530326161366136326564303335386533
31353931386561313932623137383130333936393234373135383133313932333162363438353431
65356666326265316630356535623133663438656231306530613634356333666163613431393964
62333937646464356630303433333561616138333830643862353063616135313134306431303936
61363839323263643233366563643264306136366132616334633435303139663534336334363536
30633836323935323936316164633338343563643937333536313231653961633439373933633236
64626338353832616134396363356634353434623531323965333663363365396536353836646563
30366238373962343933623064316437643965336336366638333235393230373763363735623565
63613231616164326535363539333261353065393036626166613533613838323766383530643435
61633361656331346133323166356366623965396536663438393364663636303464376539653634
33353934666632373738386231623965323965623966343635393036313461306430306637646630
36343037353631306630636561303565306530663463663237396236616436613633313836343531
36613862363364383862303833373930613630393032653862653332306265636336666134633866
30643363346436383830646232336262643932333062363835666131396636393361353262646161
61613638633131373533383661316638373734336638323066346533336663663261336337643362
38653762643862346235383230373363383062396637313134306463396133396531613639646363
38646238313662636663653939623936323965633233636437646133396662613064343830376332
63666361333833316135383262376365643136373030353662366264353730346131333233623334
62663936363935393930623964393461656664663862326235366533623661343133396662613137
35346565636538306464363662326636363536333339333737626164656438386361366335303538
64666664363834316138383862363664343464343263613363353465383835653731656332383036
34356266383734633863626664373932386333666166383830313636323662643165323931346665
35316161326662313634306438346666623462326234383266313964616136623364323961363130
31366165633263643166353436336135626566356532306535613636376331653936316531343736
36306338623632386534336139616539666665353332663739313536633438393431616132353739
66666139323039616637393065613438313533333462323764303539303537386232653766613966
34316534313065636566653837373935336361373637363265633164653731316466326539393330
34626335343638616334333032666339623431653965613234663238356332336631386532303263
39393965396366616664383137323631666165383733383761646566363934366636363565303435
64626365636266623564343137663539316361383830386435636132306634333530343337323831
30346564383534306439333637396233623266393634656330626337333131326131373538386132
62386537366132323531336365666132663966346139613731343162633133396162393162313235
65633265623733636230383462383335663266346666303634626263313331313466613030343233
37376566626338336636643034613932383162306331376336303866366538643333616237396665
33646139366536343931366632643936616334326232376161646439333761323630323136376531
66666432636536353733623139303962313465663161666434633138623739343765336565623161
39393163313139306632326536656562383930356338363031353731643533393436383961356166
37306136333932353330393135363362636364326264336164626435346235313263323334353663
38613864383162626530633032656530633235363634643466373131353662666133346536386464
62346338356264633034653730613732306161623831666230333834313232363430333039653265
32323563396639356465373039643737333062353664323436303337626464326566356561623734
64313131373265363564313864643665336636323937656331616361363431373762613034613030
34316363363836643561316366363537353033366630633164373534363261333139663665656135
63626332646538646663313461373362616334393263346633383132666366396635323232613065
37373566333733376664343665623362646563303262316533616232303463626462656362343739
64356165303561303934356164366536353632393839363463333539373131616135653939333032
62613631613736303536636633653135633164323733626632623966646630306166346366363666
37666131353265333065386331643234323938366131313731353761633436643334373837633439
65663236376239346234323436643731626237333232356433663365383962313436316663373733
34386139366237316534636138356631386237313332313437323035346338376630626561646664
32376634626638376337393437613936336466363163303162666565636466653634613532373266
37656163333364386631653565383034646238393336646437303538376130373264333533633936
33353336393731353433356139366563643865393831623539383130613634616365316231643936
66373462653135353739316631306531356663396565323661386665653436663134646136653332
64313362643365663062346430356535356262303138343935373338383364376432366237303931
33396565646334383537353738303936613264396633363934643438303932326233303765636262
64356137653937653965343163326231396133613434323739336230323138303035636537363061
64623436663336656361663630356631386337323939363865386636393134623535376266626163
39366362323539316539343166616666376332363761613134373332363631343336616366656532
32643230323035323563613461336539613437366661363236356137393132626632376265363138
35383332303035643665333031316364663064393834656438643532636431383034376665626139
33383263303438653636326163353339356137313335643338653532626464313835366238346563
32613834376630626166356466633862346136646539653439313430346132636137643030613534
38623861393166333135646438643333306661353836613030633036643731646133346238386430
63363636316137363638643637346237633961343565313363386337623737353137643566373033
31326263666436303336306534653635313130346661643438343930323663623238633830666233
31666534653262623364303235663433623137646237306138366430323734656166653461363238
39333432643566613233363462613933636264663832393731396237353138356436653037303465
66323438376563666661396435353935396634636530333862383665316265643861306261346566
62326638346261326530643435356135666234653333383134653839346263303834633837623564
63613938633232323831323233313162343762663938653033363436643662663830333863356439
38656635396161303465636130666336333839623161383561663264313462373462333437633838
37643330353561343161633766313933326662343535383635313866353436373435353535326366
38363031386263663635653037643638633539323061623832376534306538323833303032306662
62383539643964313762323966313961656239356566633336316335346463623932393338366238
33356365623661383231373762366539643839633938373632326165396438343831653733386232
37346561323131396639623365363239303933356465383461303335336163316362336636313436
37653264393465343866333432363732353339643434633338376262343466616262613039333731
34636639306162366632336637656466373430316136326161613563386635623631666630623461
37373266653064653865323731353032353661353035303863363665633862616334663933623461
36326565316135366234373032616331313135663637306439383636366665623831326536393334
31643435616265383264396163636437623161313966646463626663343963613163613134323630
37663637393332376362653866346466363661633166366333316139613433373230656366343535
36636161633038643837333036303538613030616265323735313736303035366665326330613933
30636365366534333736336334616539626661316666633839646239353035393238393064356638
39643834363662373636323539386537656339386538393338336561646363323335313263313765
35653933326238353063623664363830663937343665376431346137363532353564366139656534
39306538373538373664373038616133613431613864333036393139353163346664626664663036
35376136313834616632643034373138343633643933373933653937366161356334633765616463
30663065356663646133303664386534646166653163363231633366633063653230386338353865
33383339363638306533616262306465373230353061636233613339313361633162383838323934
61653038363933323630313735663433356639323034393636653132666366376332333432636261
61323936306563346232366237666464663039656462656263663737376236396139656531646538
34366233363164386339303462343836333564303261316263633030396637343833663236666131
30653030653235306164623635613230646261333362613035616334656231373036376361333639
65363535376463613866613562326139613665313336303466303232633364303461613436343962
31333464636135393235313362323637316435333532623838343732363465383139653766616563
37316138633036363539333237386663363132353362316130353131363665313039646361333636
65653465343932656336313239393164643634323537643436616463396462613530303436363533
61376662653037336431626666313237373832376266653661333433333865626338313563333536
62633939303931323231613735383137633738616535393038343431376638313763333361613661
64323464656266323933646237336334323631353836613462356462333466326234393931653465
62656534356432666564383038616134663031343739326436643862343065646463346233353466
30323234333239353039666134373536346263663536636261323539663338323163666333653961
3865613032353862333436376539316437636262356235613438
